1962	252	0.6204365079365085
1963	251	0.6801195219123497
1964	253	0.7807905138339921
1965	252	0.7972619047619051
1966	252	0.9448015873015877
1967	251	0.9959362549800808
1968	226	0.8607522123893807
1969	250	0.9136400000000001
1970	508	1.057185039370078
1971	506	1.1429841897233193
1972	502	1.1644422310757
1973	504	1.2498214285714275
1974	506	1.1089525691699615
1975	506	1.1397233201581036
1976	506	1.512312252964427
1977	945	1.3356190476190448
1978	1260	1.2348571428571462
1979	1265	1.36826877470356
1980	1518	1.754097496706193
1981	1520	2.021940789473684
1982	2277	2.592081686429507
1983	3857	4.68977702877884
1984	7025	5.118602135231273
1985	11682	6.057775209724403
1986	11926	7.701246017105448
1987	12764	8.056774522093342
1988	14151	7.047759875627205
1989	14631	8.519105324311427
1990	15783	7.921101818412129
1991	16868	8.460196822385528
1992	18513	9.199481985631792
1993	20199	11.483495717609864
1994	22394	11.493527284093938
1995	24119	12.950811393507335
1996	25343	15.54664798958307
1997	26376	19.698152107976938
1998	28439	24.389759133584022
1999	29620	26.353432478055822
2000	30411	30.483918319029502
2001	31928	30.473379478827294
2002	35883	26.91837861940189
2003	37517	26.239778500413074
2004	40713	31.981627735612733
2005	42489	33.726751394478605
2006	44615	38.75814322537261
2007	48055	42.607672250546315
2008	50053	32.33970211575712
2009	50338	23.564896698319043
2010	5024	28.981508757961784
