1962	0.635	6.09966835092433
1963	0.625	9.441952137029514
1964	0.7	16.501430364886023
1965	0.705	15.60096941547037
1966	0.755	28.267288070030364
1967	0.8	28.116497422322634
1968	0.805	27.401401057132137
1969	0.805	27.401305644699715
1970	0.955	69.38897782840277
1971	1.065	79.08462909402914
1972	1.105	106.07144394015543
1973	1.185	97.4028561288712
1974	1.1749999999999998	98.66851679634509
1975	1.185	98.71131073807862
1976	1.27	127.5973049875237
1977	1.3050000000000002	149.90657265293518
1978	1.3650000000000002	163.02255110192104
1979	1.4049999999999998	156.77123656907284
1980	1.61	268.0027343016065
1981	1.76	430.8431779547762
1982	2.615	1422.830962435665
1983	4.35	4614.103394968489
1984	6.085	9617.97090923692
1985	8.49	21508.2679147908
1986	9.84	43545.937969499166
1987	12.075	60472.638999469236
1988	14.045	72136.56889417642
1989	15.56	97960.71382566365
1990	17.525	116401.8633956581
1991	18.825	142459.3578500504
1992	19.9	169212.57821984816
1993	21.75	208663.0012377498
1994	22.83	244413.50349918508
1995	24.0	300330.7537301474
1996	25.75	374592.8257578315
1997	28.525	522454.2967101147
1998	33.745000000000005	724071.131796037
1999	37.44	984794.0385360521
2000	41.54	1326035.3894755086
2001	46.415	1655902.1838490868
2002	51.295	1941562.3408506634
2003	55.73	2216210.2847970407
2004	60.875	2590981.484739495
2005	67.32499999999999	2926758.7508535367
2006	74.04	3287305.088070957
2007	82.38	3729752.6309604826
2008	89.08500000000001	3919277.2236699355
2009	92.465	3980666.6326000053
2010	93.38499999999999	3990206.8906491543
